ID              | ID_Cnt | Crop | Angle | PoseF1 | ExprF1 | PropF1
--------------------------------------------------------------------------------
C002_G011       |      1 | 0.00 | 0.00 | 0.00 | 0.00 | 0.00
C003_C002       |      5 | 0.00 | 1.00 | 1.00 | 0.00 | 1.00
C005_C009       |      1 | 1.00 | 1.00 | 1.00 | 1.00 | 0.50
C007_C015       |      1 | 0.00 | 0.00 | 0.00 | 0.00 | 0.50
C010_B015       |      3 | 0.00 | 0.00 | 0.00 | 0.00 | 0.33
C012_A032       |      1 | 0.00 | 0.00 | 0.00 | 0.00 | 0.80
C013_B008       |      1 | 0.00 | 0.00 | 0.00 | 0.00 | 0.00
C014_A034       |      1 | 0.00 | 0.00 | 0.00 | 0.00 | 0.00
C015_B001       |      3 | 1.00 | 1.00 | 1.00 | 0.00 | 0.00
C016_D017       |      3 | 0.00 | 0.00 | 0.00 | 0.00 | 0.50
C017_B010       |      1 | 0.00 | 0.00 | 0.00 | 0.00 | 0.00
C018_B001       |      1 | 0.00 | 0.00 | 0.00 | 0.00 | 0.00
C019_A_un001    |      1 | 1.00 | 1.00 | 1.00 | 0.00 | 0.00
C023_A001       |      1 | 0.00 | 0.00 | 0.00 | 0.00 | 0.40
C024_F013       |      2 | 0.00 | 0.00 | 0.00 | 0.00 | 0.00
C024_F025       |      1 | 0.00 | 0.00 | 0.00 | 0.00 | 0.33
C028_C00        |      1 | 0.00 | 0.00 | 0.00 | 0.00 | 1.00
C029_A043       |      1 | 0.00 | 0.00 | 0.00 | 0.00 | 0.00
C030_B004       |      1 | 0.00 | 0.00 | 0.00 | 0.00 | 0.67
C033_D003       |      1 | 0.00 | 0.00 | 0.00 | 0.00 | 0.00
C035_B001       |      1 | 0.00 | 0.00 | 0.00 | 0.00 | 0.00
C037_A001       |      1 | 0.00 | 0.00 | 0.00 | 0.00 | 0.00
C040_B001       |      5 | 1.00 | 0.00 | 1.00 | 1.00 | 0.00
C041_C001       |      1 | 0.00 | 0.00 | 0.00 | 0.00 | 1.00
C042_C009       |      1 | 0.00 | 0.00 | 0.00 | 0.00 | 0.00
C043_C001       |      1 | 0.00 | 0.00 | 0.00 | 0.00 | 0.00
C044_C001       |      1 | 0.00 | 0.00 | 0.00 | 0.00 | 1.00
C053_D001       |     16 | 0.00 | 1.00 | 1.00 | 1.00 | 0.57
C056_F030       |      5 | 1.00 | 0.00 | 1.00 | 0.00 | 0.40
C057_A001       |      1 | 0.00 | 0.00 | 0.00 | 0.00 | 1.00
C058_E001       |     14 | 0.00 | 0.00 | 0.00 | 0.00 | 0.00
C063_A010       |      1 | 0.00 | 0.00 | 0.00 | 0.00 | 0.00
C064_C010       |      4 | 0.00 | 0.00 | 0.00 | 0.00 | 0.75
C067_C001       |      8 | 0.00 | 0.00 | 0.00 | 0.00 | 0.50
C068_D001       |      4 | 0.00 | 0.00 | 0.00 | 0.00 | 0.40
C073_F018       |      2 | 1.00 | 1.00 | 0.00 | 0.00 | 0.00
C076_F009       |      2 | 0.00 | 1.00 | 0.67 | 0.00 | 1.00
C077_B001       |      5 | 1.00 | 0.00 | 0.67 | 0.00 | 0.80
C078_B019       |      8 | 1.00 | 1.00 | 0.67 | 0.00 | 0.40
C079_C001       |     12 | 0.00 | 0.00 | 0.00 | 0.00 | 1.00
C082_H003       |      5 | 0.00 | 1.00 | 1.00 | 1.00 | 0.00
C084_C007       |      6 | 0.00 | 0.00 | 0.00 | 0.00 | 0.40
C085_B016       |      4 | 0.00 | 0.00 | 0.00 | 0.00 | 0.00
C088_B010       |      1 | 0.00 | 0.00 | 0.00 | 0.00 | 0.40
C089_A001       |      1 | 0.00 | 0.00 | 0.00 | 0.00 | 0.00
C092_A017       |      1 | 0.00 | 0.00 | 0.00 | 0.00 | 0.00
C094_A015       |      1 | 0.00 | 0.00 | 0.00 | 0.00 | 0.00
C095_A017       |      1 | 0.00 | 0.00 | 0.00 | 0.00 | 0.00
C096_A045       |      1 | 0.00 | 0.00 | 0.00 | 0.00 | 0.00
C097_A001       |      1 | 0.00 | 0.00 | 0.00 | 0.00 | 0.00
C098_A001       |      5 | 0.00 | 0.00 | 0.00 | 0.00 | 0.00

==============================
FINAL SUMMARY (AVERAGE)
==============================
cropping       : 0.6154
camera_angle   : 0.6923
pose_f1        : 0.7692
expr_f1        : 0.3077
props_f1       : 0.3070
id_acc         : 0.7451
